3-OBJECTIVE MOPSO — PARETO FRONT (IDUN)
Objectives  : unexpectedness, relevance, ILD (diversity)
Archive size: 40 non-dominated solutions
Knee point  : α=0.225
  Unexpectedness : 0.5921
  Relevance      : 2.9450
  ILD            : 0.7532
  Serendipity    : 0.4793

 alpha  unexpectedness  relevance    ild  serendipity  is_knee
0.0000          0.3440     3.0819 0.8266       0.3813    False
0.0000          0.3440     3.0819 0.8266       0.3813    False
0.0440          0.3913     3.0752 0.8249       0.4059    False
0.0788          0.4290     3.0621 0.8211       0.4236    False
0.1098          0.4627     3.0466 0.8163       0.4377    False
0.1383          0.4940     3.0303 0.8108       0.4495    False
0.1623          0.5206     3.0148 0.8040       0.4586    False
0.1786          0.5394     2.9999 0.7944       0.4645    False
0.1997          0.5640     2.9762 0.7771       0.4718    False
0.2245          0.5921     2.9450 0.7532       0.4793     True
0.2438          0.6122     2.9206 0.7346       0.4838    False
0.2688          0.6348     2.8903 0.7118       0.4878    False
0.2932          0.6547     2.8587 0.6880       0.4906    False
0.3185          0.6733     2.8260 0.6644       0.4928    False
0.3430          0.6912     2.7905 0.6415       0.4943    False
0.3619          0.7104     2.7491 0.6206       0.4938    False
0.3748          0.7271     2.7094 0.6031       0.4920    False
0.3873          0.7448     2.6648 0.5890       0.4895    False
0.4002          0.7635     2.6156 0.5831       0.4863    False
0.4116          0.7813     2.5662 0.5859       0.4811    False
0.4215          0.7988     2.5153 0.5922       0.4734    False
0.4291          0.8129     2.4734 0.5989       0.4660    False
0.4375          0.8290     2.4246 0.6080       0.4565    False
0.4440          0.8415     2.3860 0.6158       0.4485    False
0.4523          0.8571     2.3365 0.6265       0.4379    False
0.4592          0.8697     2.2960 0.6356       0.4288    False
0.4685          0.8858     2.2432 0.6480       0.4168    False
0.4763          0.8979     2.2020 0.6579       0.4072    False
0.4880          0.9133     2.1466 0.6714       0.3941    False
0.4995          0.9242     2.1035 0.6818       0.3840    False
0.5175          0.9366     2.0484 0.6950       0.3712    False
0.5310          0.9451     2.0095 0.7047       0.3620    False
0.5510          0.9566     1.9557 0.7187       0.3489    False
0.5656          0.9640     1.9196 0.7283       0.3399    False
0.5913          0.9751     1.8634 0.7437       0.3257    False
0.6259          0.9857     1.8044 0.7597       0.3104    False
0.6699          0.9921     1.7580 0.7707       0.2983    False
0.8667          0.9991     1.6760 0.7852       0.2753    False
1.0000          1.0000     1.5644 0.7903       0.2413    False
1.0000          1.0000     1.5644 0.7903       0.2413    False